<Hierarchy>:
	<Frame>: 0 Cube
		<Transform>: 0 0 0 0 90 0 3.029408 1 1 0 0.7071068 0 0.7071068  
		<TransformMatrix>: -3.611335E-07 0 -3.029408 0 0 1 0 0 1 0 -1.192093E-07 0 0 0 0 1  
		<Mesh>: 24 Cube
			<Bounds>: 0 0 0 0.5 0.5 0.5
			<Positions>: 24 0.5 -0.5 0.5 -0.5 -0.5 0.5 0.5 0.5 0.5 -0.5 0.5 0.5 0.5 0.5 -0.5 -0.5 0.5 -0.5 0.5 -0.5 -0.5 -0.5 -0.5 -0.5 0.5 0.5 0.5 -0.5 0.5 0.5 0.5 0.5 -0.5 -0.5 0.5 -0.5 0.5 -0.5 -0.5 0.5 -0.5 0.5 -0.5 -0.5 0.5 -0.5 -0.5 -0.5 -0.5 -0.5 0.5 -0.5 0.5 0.5 -0.5 0.5 -0.5 -0.5 -0.5 -0.5 0.5 -0.5 -0.5 0.5 0.5 -0.5 0.5 0.5 0.5 0.5 -0.5 0.5  
			<Colors>: 0  
			<Normals>: 24 0 0 1 0 0 1 0 0 1 0 0 1 0 1 0 0 1 0 0 0 -1 0 0 -1 0 1 0 0 1 0 0 0 -1 0 0 -1 0 -1 0 0 -1 0 0 -1 0 0 -1 0 -1 0 0 -1 0 0 -1 0 0 -1 0 0 1 0 0 1 0 0 1 0 0 1 0 0  
			<SubMeshes>: 1
				<SubMesh>: 0 36 0 2 3 0 3 1 8 4 5 8 5 9 10 6 7 10 7 11 12 13 14 12 14 15 16 17 18 16 18 19 20 21 22 20 22 23  
		</Mesh>
		<Materials>: 1
			<Material>: 0
				<AlbedoColor>: 1 1 1 1
				<EmissiveColor>: 0 0 0 0.9999999
				<Glossiness>: 0.5
				<Metallic>: 0
				<SpecularHighlight>: 1
				<GlossyReflection>: 1
		</Materials>
		<Children>: 0
	</Frame>
</Hierarchy>
